100002924049805
100003474639175
100010558515912
100010064230990
100005742338045
100003939082730
100007058131566
100003725698675
100014036925700
100005380216064
100002998788106
100001104048557
100003944450389
100004301286727
100010333332043
100003810311326
100002482538094
100008261381975
100010436107726
100007979592385
100001753732601
100003006742885
100003723062581
100005662689809
100004666530163
100002513096513
100012316862264
100004616564278
100002557262383
100004000669313
1551534279
100004532077521
100003380808570
100009161603125
100001837935209
100009209086880
100012445832457
100005687462189
100004041586697
100004017877262
100009441811192
100000314919097
100003293138778
100012328759212
100001434286255
100003883792564
100008291491350
100002712631264
100012274605386
100009830257870
100007477936437
100009876526950
100014955377691
100014455300237
100003699468936
100003810412523
100004075571726
100001606320984
100006701077539
100005787608839
100003910800467
100003289056700
100007451041276
100006331234538
100001466134127
100007967059201
100005084746571
100009441064727
100004061972498
100002431276980
100006501815071
100000953321942
100000630637878
100003040600238
100005944207733
100002836347443
100013250017658
100001029627447
100000770858873
100003190464897
100000685837864
100002866974199
100005709153442
100004866610847
100006150492398
100001874058947
100001304876239
100003851493178
100005103662353
100003829486532
100005757782670
100004656600024
100003125538568
100002847126086
100006031754844
100004954452339
100010121406735
100003178039531
100006450704378
100006544629383
100000752921817
100006401853062
100008404207202
100002684876097
1697997285
100002978533976
100004389731208
100001127653266
100004312111242
100006367684506
100003056559736
100004876156122
100004707614429
100005911624526
100006559811628
100003039186735
100007119584063
100003152323236
100001124915710
100015048430790
100002891245088
100003499312220
100005986086421
100012234617681
749669203
100003382695254
100005072771015
100004040940267
100002849966137
1377997633
100003239026600
100000196342539
100016812397964
100004545524484
100004979730667
100002486225395
100003220162756
100007457311082
100001510423055
100003718777405
100004729562584
100002459915893
100006639282477
100002939040771
100001408689914
100001797054890
100003035602050
100007381350928
100003020335921
100009986953320
100001242967546
100005406941704
100002567302739
100008594596794
100013086156851
100003228004684
100004054355133
100010417414743
100007708723961
100001807688187
100017377504509
100002565387581
100002806794623
100002086194141
100001418880968
100010168470827
100006886711112
100002292831060
1493423953
100007706080587
100007895796169
100005921169450
100003711234192
100005745979478
100000616648110
100009653627290
100005746300522
100001783562952
100006345063254
100006502897416
100003899356968
100003182074449
100003739551912
100003842781777
100003043155495
100004027290995
100001728096819
100007100018695
100004357149848
100010272092284
100004021459166
100004456382330
100004961071760
100004131434496
100008978590539
100000049691462
100006473271628
100008233174406
100003899793629
100004898445860
100004890019187
100009328632845
100003158117361
100002614545776
100003849898130
100006892244075
100009286557937
100000558315980
100005624952892
100001453121340
100001343516656
100001349810733
100003622707000
100001289133071
100006289743889
100007239283913
100003995913497
100003727004952
100004837174419
100006210670175
100003820217409
100003731421592
100003200855673
100002935854407
100004655800052
100003758006923
1839402834
100003793018441
100003679038079
100006844653943
100001590584768
100006173289062
100003763277864
100005511545234
100000053069296
100003820541508
1638115198
100013372088582
100007585479046
100005077840764
100003192073280
100015870553470
100000986341249
100004076510661
100008555676083
100000252571106
100005063404122
100004294626899
100006980775413
100006468535310
100002872175018
100007625406779
1017904825
100002360743267
100004066331943
100010855665817
100005363893309
100003609504054
100015156883659
100004091748441
100009608047226
100005299471902
100003728983353
100005103752118
100000173028999
100003193075974
100000434164299
100002911785603
100004315270234
100007485004257
100000853214565
100008108915947
100001044518505
100007343970623
100004465022033
100002910275560
100002951074824
100006955412334
100003913654107
100001263458036
100003934342983
100003649838949
100002973472908
100001255290858
100003535523228
100003304562103
100004274942727
100003795789015
100011451411628
100003762131265
100002713197574
100004154433972
100012258129808
100003916036463
100004393927683
100003178796047
100000231843652
100002889836559
100003042376502
100007035246000
100003862138830
100003123536189
100002683396602
474830756053910
100013915094720
100007061860738
100001605743058
100013278767286
1807502546180528
100015409095159
1796561724
100003676112155
100004758632846
100010615350249
100012938221181
100003293280509
100009058641208
100004929156052
100006254649127
100001230113870
100006327242922
100003853768746
100004206270962
100001047509018
100003818494942
100008135476470
100008318208215
100001199948711
100004430732298
100001353837763
100005227182149
100003237174993
100000390196268
100010979351288
100004084628079
100002939855906
100003526729776
100005760421307
100002947427505
100003294716870
100007413875026
100003998912941
100002079203669
100003986300983
100003565360222
100000932784375
100002931559915
100003213680589
100011233480858
100003857412307
100003126625259
100001480490327
100001919182513
100002827419471
100003065414339
724439221
100003799821699
100012744369798
1152214108
100004231449942
100005233655413
100005284096513
100003713863097
100003743470785
100005563513989
100007417269831
100003608667631
100003142158120
100005688006808
100004656000657
100001846746805
100012363181898
100004455997510
100006415865384
100001894925760
100003202971942
100002077426567
100004105541617
100001336350538
100003049960902
100003199883989
100009639245545
100004300053920
100003116559804
100009167364950
100001273135849
100003899724073
100004804837949
100002814567653
100004215600285
100003578074433
100007357727958
100000962897170
100008034242677
100003765948915
100001900955436
100001331338449
100003138891654
100002423247978
100005944263308
100002778690269
100003820017068
100001596700317
100005028901177
100002847082046
100004576355503
100010799468699
100004162057412
100006723586597
100000212691385
100000386405557
100003572506039
100000347190627
100006753932600
100000134151254
100002377027560
100010716631805
1791173838
100003768722419
100005197892576
100001309418149
100001628051516
100000403066115
100006624510733
100012144548135
100009230266045
100003190503211
100007582420488
100001753179271
100004026421000
100005842560447
100002153361260
100004117146863
100004997765377
100005216412540
100006530475248
100004475280476
100007548901225
100005390264319
100001985488568
100004012102419
100004833611874
100002454906255
100006534074593
100000449247760
100005121847213
100002934393908
100001033051588
100009239864999
100003682432132
100006666724071
100004525201329
100003855862017
100002306666759
100006701976461
1259714284
100005408175780
100005995506299
100005193762487
100002505064984
100002218734278
100002993648941
100002569803857
100002588413552
100003071671843
660313481
100005857681650
100001824615153
100006243077742
100003164526196
100005822231690
100003652468167
100006219576551
100001149581728
100004429863119
100004504928783
100002725947659
100005075041656
100005531113643
100002982653327
100003276472799
100002937353593
100006480815050
100002949913999
100005961270168
100004899035046
100008798024171
100003843860503
100003932984517
100003756403553
100002831215440
100000270696939
100003959932728
100006350292146
100002782176208
100010114834359
100004369441101
100001829081342
100006250388721
100003821530122
100010575164818
100001305949510
100001420974590
100010248421968
100003215745232
100003568398281
100004486750055
100000253693314
100000040001763
100002834277480
100001321782612
100004540779827
100000807853511
100006699250925
100000083800969
100004350671691
100003827440371
100001682392115
100001591683468
100005753591935
100008187848046
100009455132339
100002865804213
100004520411498
100006905025266
100003603671980
100003646104350
100005189236609
100000064248814
100004416962724
100000231522153
100003662270643
100000217119930
100004422070978
100000752315492
100003031420570
100003162319793
100003048853685
100000028276351
100000219053093
100005349693087
100006515342100
100002938856157
100003178954714
100000249171724
100006701748040
100002706998811
100004386154553
100003337525679
100009579553941
100000451374630
100003113544902
100003671431815
100004075086074
100006668733146
100004078603977
100003113780797
100009121811193
100006387544999
100000872794066
100007379504707
100005494836058
100009252757158
100004707157343
100001372606769
100003798538527
1804310709
100000413981717
100003321204581
100007084114596
100003810117293
100005326035019
100001681290927
771562224
100003100249846
100003625196535
100005607278035
100004504027597
100003554345518
100004182857591
100001360217131
100001961390209
100005693102971
698376987
1649190906
1311363890
100001817211200
100004088341213
100000628072288
100000014985135
100003151098836
100003202720313
100002747154942
100000810452231
100001372131933
100000741503327
100003800983440
100001870555828
100004123000210
100003737406446
100002806534718
100004337468680
100001210033741
100003268785990
100000255982318
100001612404225
100005320710367
100005382884487
100009429608626
100009581025408
100010247171212
100004459158822
100008071986253
100000823353241
100004122840026
100000383360083
100006477502747
100005758391156
100003992460181
100009426131597
100003262536826
100004758012643
100005641360378
100009798618436
100001847317955
100000506068830
100004958858802
100004475257599
100006579877957
100004387711988
100004751500662
100004412323239
100003319143945
100006351104307
100003950431685
100002691527051
100001435281851
100010063801168
100003025356481
100004401641617
100003597191777
100003920881117
100002557507119
100010401558887
100004576561352
100001410404578
100007613049450
100003900656877
100013814326229
100004280077055
100003714964065
100001885701775
100004385558558
100001406829281
100004214731927
100003910600116
100003981598494
100000737747699
100001493418854
100005829037866
100009414065000
100004104848802
100001697600724
100000406118735
100008640220593
100004084397424
100004150121002
100004468215066
100001694490722
100005518781036
100009318924821
100003149183163
100009092411018
100003170994405
100007612152376
100003661995086
100003865254055
100006073605909
100009606891070
100002922538795
100008735531060
100006929023916
100005855917374
1755535943
100007166401772
100005604976156
100007132500201
100001528014901
100000723582046
100003297344427
100005420850911
100006400933821
100006603372484
100001651178943
100004086451649
100004060276345
100003752378261
100000389844016
100004228925187
100006340454497
100007543545431
100007323001885
100009556309933
100004327380964
100007227159842
100007817598179
100005000807184
100002823956647
100006382294778
100003626922452
100001479145579
100003306138628
1027088443
100002104406255
100002791756492
100003702550616
100004573086724
100009368253260
100004359190014
100003187643304
100000198257100
100003755208962
100003013937184
100003108931222
100003287729303
100003393764688
100003661496369
100004825860388
100006740229734
100004854124370
100002890601447
100003292309675
100003625324037
100002800980507
100003689335727
100003281123402
100004046716490
100003626314047
100002063396201
100001508004605
100004982672601
100003930682378
100008304367677
100003805471539
100004328583745
100001716440230
100004105203169
100001506340698
100001625902670
100002980932265
100003989291770
100007248308895
100004733293379
100004680211367
100004748712355
100000210442719
644756408
100006145663705
100004997730981
100002961200664
100004035556705
100009403705446
100006857940792
100004035699241
1781435156
100001590765097
100002915191796
100008142761072
100004100586091
100003435160833
100004162833871
100005274847102
100009688454386
100006081754110
100003657165765
100003953460092
100003040803262
100006657120313
100004208318384
100005743625625
100003783015831
100002314122112
100009512393372
100001430435756
100004928173923
100000026686840
100000328105709
100005998839637
100001730049483
1692315730
100003801787799
100001282826424
100007696440235
100004093442404
100003735754176
100007052028274
100003031295141
100006571568565
100001205613340
100000314939239
100001774607455
100003766587197
100003700695924
100005288112431
100001679697127
100003759380275
100005076284508
100003293649119
100009443349789
100007973581955
100005063679826
100006476280696
100002692090861
100004378293697
100006004091094
100003165594424
100006502689597
100004339153672
100005302294828
100005636646746
100002783195287
100002940155631
100003086858387
100001208412859
100002574352020
100002738533887
100007032525291
100006692986247
100003679307892
100008200231397
100000254801297
100003029970199
100002796666484
100003760960049
100003285301405
100004568972334
100003776220872
100003139936280
100009318934152
100000862196692
100004274251745
100003703940660
100005088948059
100009666305721
100009119897199
100004451917091
100005208907769
100001361430632
100002973731792
100001422994188
100000216333162
100006656041141
100004227936163
100007971850867
100008344990890
100003128838691
100006465228211
100004785060998
100002694526724
100005672072454
100003390864654
100004446010391
100002282557526
100004641540162
100001501004556
100003215632657
100005899540391
100007426200473
100003796991499
100003582928516
100002701594552
100000849900181
100002901046339
100002865426324
100004372544396
100002319559834
